tK=2200.000000
Lr=305.385970
