tK=2030.790000
Lr=226.018291
