tK=2107.920000
Lr=369.828385
