tK=0.085609
Lr=0.003324
