tK=922.621423
Lr=801.793736
